0 0.112857 0.380711 0.097143 0.177665
0 0.305000 0.381980 0.101429 0.185279
0 0.498571 0.387056 0.102857 0.195431
0 0.691429 0.389594 0.100000 0.185279
0 0.885000 0.392132 0.104286 0.190355
0 0.113571 0.662437 0.110000 0.192893
0 0.307143 0.661168 0.105714 0.200508
0 0.498571 0.661168 0.108571 0.190355
0 0.115714 0.107868 0.111429 0.180203
0 0.307143 0.107868 0.102857 0.170051
0 0.500714 0.093909 0.107143 0.172589
0 0.693571 0.090102 0.104286 0.175127
0 0.885714 0.088832 0.097143 0.172589
0 0.112857 0.925127 0.105714 0.149746
0 0.302857 0.925127 0.108571 0.149746
0 0.497143 0.925127 0.105714 0.149746
0 0.688571 0.926396 0.108571 0.147208
0 0.692143 0.659898 0.107143 0.197970
0 0.880714 0.661168 0.110000 0.200508
0 0.882143 0.922589 0.107143 0.154822
